unity_time;FPS
0.000;172.71
0.100;195.97
0.200;195.89
0.300;199.52
0.400;200.89
0.500;196.24
0.600;206.59
0.700;207.08
0.800;203.16
0.900;207.47
1.000;206.28
1.100;207.05
1.200;210.18
1.300;207.42
1.400;201.98
1.500;203.69
1.600;200.84
1.700;173.17
1.800;182.27
1.900;166.35
2.000;191.96
2.100;174.38
2.200;192.56
2.300;201.80
2.400;202.40
2.500;203.33
2.600;182.02
2.700;198.52
2.800;193.79
2.900;208.29
3.000;208.44
3.100;212.84
3.200;213.98
3.300;214.14
3.400;203.04
3.500;211.41
3.600;218.69
3.700;217.06
3.800;215.29
3.900;210.10
4.000;212.93
4.100;187.56
4.200;188.27
4.300;216.97
4.400;211.39
4.500;199.39
4.600;216.39
4.700;218.12
4.800;218.58
4.900;219.01
5.000;219.21
5.100;220.41
5.200;218.75
5.300;219.81
5.400;213.51
5.500;216.44
5.600;219.28
5.700;202.35
5.800;198.90
5.900;186.93
6.000;190.51
6.100;203.32
6.200;204.61
6.300;217.10
6.400;223.50
6.500;220.98
6.600;211.93
6.700;207.51
6.800;217.53
6.900;218.56
7.000;200.89
7.100;200.89
7.200;200.89
7.300;192.21
7.400;215.09
7.500;214.50
7.600;213.58
7.700;206.24
7.800;207.79
7.900;208.19
8.000;213.61
8.100;211.22
8.200;225.33
8.300;228.15
8.400;193.89
8.500;208.32
8.600;218.98
8.700;222.02
8.800;225.33
8.900;224.43
9.000;222.44
9.100;226.18
9.200;231.89
9.300;228.34
9.400;220.82
9.500;228.23
9.600;231.17
9.700;224.91
9.800;228.73
9.900;231.82
10.000;226.69
10.100;233.93
10.200;227.91
10.300;225.05
10.400;235.80
10.500;233.63
10.600;231.22
10.700;230.61
10.800;228.22
10.900;233.31
11.000;228.67
11.100;221.51
11.200;218.48
11.300;229.69
11.400;231.97
11.500;230.55
11.600;228.30
11.700;158.56
11.800;183.78
11.900;221.25
12.000;224.95
12.100;224.00
12.200;223.46
12.300;223.10
12.400;224.71
12.500;226.49
12.600;227.92
12.700;227.63
12.800;223.83
12.900;231.10
13.000;227.59
13.100;223.77
13.200;224.55
13.300;228.87
13.400;230.53
13.500;223.31
13.600;219.47
13.700;216.65
13.800;218.58
13.900;220.29
14.000;217.07
14.100;205.23
14.200;199.46
14.300;206.68
14.400;212.00
14.500;211.29
14.600;214.98
14.700;218.38
14.800;208.58
14.900;217.19
15.000;217.16
15.100;216.47
15.200;217.95
15.300;221.27
15.400;220.99
15.500;217.69
15.600;219.33
15.700;214.12
15.800;202.60
15.900;204.50
16.000;209.03
16.100;206.28
16.200;202.14
16.300;200.83
16.400;215.58
16.500;211.61
16.600;205.29
16.700;215.01
16.800;210.07
16.900;201.42
17.000;205.25
17.100;215.66
17.200;221.20
17.300;209.78
17.400;207.06
17.500;209.07
17.600;215.52
17.700;215.88
17.800;207.05
17.900;204.15
18.000;202.24
18.100;202.61
18.200;204.96
18.300;204.75
18.400;202.47
18.500;180.61
18.600;204.71
18.700;201.31
18.800;206.50
18.900;205.19
19.000;198.15
19.100;219.78
19.200;222.49
19.300;223.25
19.400;227.50
19.500;222.04
19.600;215.21
19.700;225.79
19.800;227.80
19.900;226.37
20.000;215.60
20.100;203.65
20.200;211.60
20.300;205.92
20.400;216.96
20.500;201.16
20.600;212.32
20.700;219.41
20.800;217.67
20.900;218.52
21.000;209.99
21.100;219.31
21.200;222.50
21.300;219.90
21.400;215.14
21.500;218.84
21.600;220.77
21.700;218.02
21.800;217.97
21.900;212.61
22.000;215.25
22.100;213.20
22.200;220.28
22.300;220.44
22.400;214.30
22.500;211.76
22.600;220.84
22.700;220.13
22.800;220.45
22.900;218.42
23.000;224.66
23.100;215.30
23.200;217.33
23.300;220.69
23.400;217.25
23.500;223.03
23.600;214.95
23.700;213.75
23.800;215.09
23.900;217.66
24.000;218.40
24.100;221.05
24.200;223.35
24.300;219.32
24.400;217.77
24.500;222.37
24.600;221.34
24.700;224.96
24.800;219.92
24.900;225.35
25.000;218.57
25.100;225.65
25.200;221.39
25.300;223.78
25.400;224.33
25.500;225.45
25.600;211.84
25.700;221.62
25.800;220.00
25.900;221.42
26.000;225.69
26.100;217.81
26.200;225.70
26.300;209.95
26.400;216.18
26.500;218.83
26.600;210.25
26.700;218.89
26.800;210.14
26.900;206.75
27.000;216.68
27.100;216.00
27.200;215.29
27.300;218.58
27.400;208.09
27.500;214.16
27.600;218.03
27.700;218.94
27.800;210.32
27.900;220.74
28.000;212.26
28.100;214.63
28.200;216.95
28.300;216.85
28.400;217.23
28.500;219.13
28.600;185.28
28.700;203.67
28.800;215.29
28.900;212.32
29.000;216.79
29.100;217.46
29.200;216.98
29.300;215.74
29.400;198.11
29.500;211.03
29.600;211.01
29.700;217.05
29.800;211.74
29.900;207.59
30.000;215.68
30.100;217.39
30.200;213.94
30.300;210.70
30.400;217.21
30.500;219.74
30.600;211.82
30.700;202.20
30.800;204.94
30.900;209.84
31.000;210.52
31.100;208.72
31.200;219.17
31.300;206.48
31.400;216.16
31.500;208.04
31.600;216.94
31.700;219.09
31.800;207.75
31.900;209.98
32.000;210.07
32.100;210.91
32.200;208.11
32.300;212.44
32.400;210.99
32.500;212.37
32.600;196.27
32.700;202.39
32.800;209.17
32.900;212.37
33.000;205.27
33.100;202.51
33.200;206.69
33.300;204.75
33.400;211.50
33.500;213.42
33.600;204.67
33.700;209.53
33.800;204.24
33.900;210.10
34.000;214.53
34.100;204.96
34.200;200.51
34.300;203.51
34.400;204.47
34.500;204.32
34.600;204.19
34.700;205.68
34.800;209.33
34.900;217.51
35.000;206.31
35.100;210.37
35.200;207.26
35.300;203.32
35.400;200.13
35.500;212.32
35.600;208.73
35.700;205.91
35.800;209.62
35.900;210.65
36.000;203.21
36.100;210.64
36.200;200.52
36.300;215.11
36.400;213.43
36.500;215.34
36.600;201.94
36.700;215.68
36.800;216.55
36.900;211.75
37.000;208.81
37.100;215.04
37.200;214.52
37.300;205.46
37.400;208.80
37.500;202.94
37.600;213.56
37.700;210.74
37.800;212.40
37.900;211.93
38.000;199.31
38.100;212.80
38.200;211.66
38.300;207.69
38.400;209.32
38.500;205.86
38.600;208.79
38.700;179.83
38.800;208.45
38.900;201.45
39.000;203.92
39.100;212.19
39.200;202.66
39.300;205.92
39.400;204.83
39.500;215.42
39.600;212.21
39.700;171.75
39.800;132.98
39.900;199.62
40.000;206.32
40.100;210.02
40.200;210.72
40.300;211.39
40.400;206.52
40.500;198.27
40.600;213.37
40.700;209.10
40.800;204.62
40.900;213.58
41.000;211.36
41.100;207.89
41.200;204.10
41.300;212.16
41.400;211.08
41.500;205.91
41.600;200.59
41.700;197.78
41.800;195.61
41.900;204.53
42.000;204.06
42.100;203.13
42.200;207.39
42.300;207.94
42.400;191.15
42.500;198.06
42.600;196.88
42.700;192.49
42.800;202.62
42.900;205.18
43.000;206.51
43.100;195.36
43.200;196.10
43.300;196.48
43.400;201.02
43.500;196.54
43.600;187.38
43.700;205.02
43.800;207.66
43.900;201.71
44.000;204.84
44.100;203.96
44.200;205.01
44.300;207.22
44.400;208.33
44.500;206.72
44.600;201.24
44.700;196.54
44.800;205.73
44.900;209.92
45.000;204.45
45.100;196.31
45.200;195.18
45.300;203.84
45.400;211.63
45.500;207.83
45.600;206.21
45.700;205.37
45.800;210.80
45.900;214.47
46.000;208.67
46.100;198.25
46.200;204.53
46.300;200.10
46.400;194.72
46.500;200.52
46.600;199.04
46.700;196.01
46.800;194.87
46.900;205.54
47.000;210.60
47.100;206.80
47.200;210.46
47.300;203.86
47.400;204.19
47.500;202.89
47.600;203.97
47.700;206.28
47.800;213.14
47.900;202.55
48.000;193.74
48.100;201.49
48.200;203.84
48.300;201.34
48.400;207.69
48.500;206.53
48.600;207.91
48.700;207.57
48.800;173.19
48.900;203.68
49.000;194.47
49.100;194.44
49.200;198.11
49.300;206.29
49.400;211.41
49.500;185.10
49.600;184.94
49.700;188.56
49.800;179.93
49.900;188.96
50.000;189.62
50.100;195.21
50.200;186.06
50.300;191.81
50.400;196.77
50.500;195.54
50.600;199.38
50.700;196.81
50.800;193.72
50.900;191.15
51.000;193.40
51.100;205.25
51.200;205.74
51.300;196.01
51.400;193.33
51.500;196.04
51.600;194.33
51.700;200.12
51.800;201.96
51.900;193.68
52.000;203.26
52.100;199.14
52.200;197.18
52.300;204.91
52.400;205.67
52.500;196.55
52.600;199.94
52.700;201.93
52.800;199.58
52.900;192.90
53.000;186.76
53.100;198.05
53.200;206.34
53.300;200.95
53.400;201.43
53.500;202.11
53.600;194.24
53.700;193.77
53.800;192.49
53.900;201.80
54.000;196.98
54.100;202.96
54.200;196.09
54.300;197.83
54.400;194.48
54.500;197.46
54.600;198.56
54.700;202.15
54.800;198.35
54.900;195.11
55.000;188.10
55.100;189.92
55.200;191.65
55.300;197.23
55.400;203.95
55.500;189.60
55.600;191.37
55.700;202.28
55.800;194.69
55.900;204.05
56.000;195.84
56.100;195.57
56.200;197.51
56.300;203.39
56.400;195.40
56.500;194.55
56.600;201.77
56.700;207.04
56.800;198.34
56.900;202.14
57.000;187.90
57.100;205.65
57.200;202.33
57.300;196.69
57.400;191.40
57.500;197.31
57.600;193.27
57.700;194.79
57.800;200.69
57.900;192.40
58.000;195.36
58.100;190.47
58.200;193.60
58.300;200.61
58.400;196.60
58.500;193.93
58.600;199.82
58.700;198.11
58.800;198.28
58.900;169.93
59.000;184.49
59.100;207.40
59.200;201.94
59.300;202.60
59.400;194.74
59.500;192.53
59.600;189.58
59.700;192.24
59.800;196.26
59.900;197.25
60.000;201.06
60.100;193.51
60.200;208.10
60.300;206.04
60.400;201.52
60.500;197.37
60.600;202.01
60.700;202.93
60.800;210.25
60.900;195.72
61.000;201.83
61.100;195.97
61.200;199.19
61.300;201.86
61.400;200.22
61.500;202.64
61.600;204.60
61.700;196.70
61.800;202.88
61.900;202.10
62.000;193.77
62.100;195.73
62.200;203.07
62.300;195.09
62.400;195.37
62.500;196.75
62.600;195.15
62.700;197.03
62.800;196.06
62.900;200.41
63.000;205.64
63.100;201.14
63.200;194.28
63.300;199.32
63.400;205.97
63.500;182.03
63.600;167.89
63.700;192.55
63.800;190.95
63.900;198.24
64.000;201.35
64.100;202.44
64.200;197.46
64.300;196.55
64.400;189.79
64.500;193.47
64.600;195.64
64.700;198.63
64.800;186.78
64.900;190.90
65.000;202.07
65.100;203.17
65.200;204.54
65.300;199.89
65.400;198.54
65.500;190.37
65.600;193.33
65.700;191.49
65.800;196.97
65.900;199.32
66.000;194.01
66.100;186.68
66.200;203.11
66.300;192.21
66.400;196.01
66.500;203.84
66.600;191.80
66.700;203.58
66.800;190.87
66.900;197.43
67.000;191.44
67.100;202.80
67.200;191.86
67.300;208.03
67.400;190.04
67.500;187.87
67.600;196.45
67.700;204.88
67.800;193.08
67.900;195.19
68.000;195.31
68.100;195.98
68.200;197.99
68.300;203.53
68.400;198.83
68.500;201.22
68.600;203.14
68.700;203.47
68.800;193.05
68.900;191.37
69.000;166.12
69.100;193.97
69.200;190.35
69.300;187.66
69.400;188.70
69.500;191.64
69.600;201.89
69.700;145.83
69.800;155.42
69.900;190.17
70.000;197.69
70.100;189.82
70.200;190.80
70.300;192.40
70.400;190.80
70.500;199.73
70.600;189.52
70.700;170.91
70.800;196.33
70.900;191.61
71.000;193.27
71.100;188.86
71.200;196.81
71.300;205.03
71.400;187.92
71.500;189.98
71.600;193.14
71.700;195.18
71.800;200.35
71.900;192.23
72.000;186.43
72.100;208.18
72.200;200.23
72.300;195.14
72.400;195.87
72.500;195.41
72.600;201.09
72.700;197.53
72.800;203.15
72.900;190.28
73.000;196.25
73.100;189.59
73.200;192.57
73.300;189.37
73.400;190.11
73.500;196.19
73.600;197.33
73.700;198.64
73.800;193.62
73.900;193.81
74.000;195.18
74.100;194.25
74.200;200.39
74.300;189.51
74.400;196.87
74.500;196.62
74.600;197.49
74.700;186.43
74.800;197.29
74.900;198.13
75.000;196.85
75.100;196.63
75.200;192.04
75.300;186.91
75.400;181.40
75.500;180.67
75.600;186.46
75.700;186.35
75.800;180.19
75.900;186.05
76.000;192.44
76.100;185.42
76.200;194.67
76.300;186.72
76.400;188.07
76.500;185.62
76.600;186.97
76.700;183.60
76.800;183.18
76.900;184.40
77.000;186.79
77.100;189.58
77.200;194.11
77.300;194.21
77.400;195.64
77.500;186.70
77.600;191.29
77.700;186.30
77.800;199.21
77.900;197.55
78.000;185.45
78.100;191.90
78.200;195.22
78.300;192.17
78.400;186.11
78.500;191.42
78.600;187.98
78.700;186.58
78.800;188.59
78.900;185.15
79.000;188.09
79.100;164.15
79.200;185.13
79.300;192.65
79.400;190.75
79.500;194.42
79.600;197.64
79.700;186.83
79.800;193.35
79.900;196.78
80.000;198.36
80.100;193.31
80.200;188.67
80.300;193.69
80.400;196.77
80.500;194.72
80.600;188.55
80.700;193.77
80.800;186.72
80.900;191.69
81.000;191.48
81.100;192.98
81.200;187.16
81.300;188.52
81.400;196.32
81.500;185.81
81.600;189.25
81.700;187.72
81.800;192.72
81.900;194.80
82.000;179.00
82.100;173.63
82.200;174.49
82.300;170.98
82.400;176.93
82.500;172.81
82.600;169.39
82.700;171.30
82.800;169.94
82.900;170.81
83.000;177.73
83.100;182.34
83.200;180.59
83.300;175.67
83.400;181.13
83.500;175.71
83.600;177.32
83.700;173.82
83.800;168.74
83.900;170.38
84.000;168.46
84.100;184.83
84.200;177.31
84.300;176.50
84.400;177.59
84.500;170.19
84.600;167.64
84.700;170.41
84.800;174.80
84.900;170.70
85.000;171.78
85.100;173.27
85.200;175.97
85.300;178.07
85.400;178.92
85.500;178.66
85.600;173.22
85.700;182.70
85.800;170.21
85.900;174.70
86.000;168.44
86.100;175.97
86.200;170.68
86.300;169.86
86.400;173.09
86.500;175.95
86.600;170.09
86.700;171.21
86.800;165.55
86.900;177.44
87.000;174.39
87.100;173.71
87.200;177.62
87.300;180.89
87.400;181.47
87.500;180.26
87.600;176.83
87.700;177.21
87.800;178.81
87.900;181.29
88.000;172.56
88.100;183.81
88.200;179.32
88.300;183.44
88.400;190.44
88.500;209.58
88.600;202.66
88.700;198.74
88.800;200.06
88.900;208.15
89.000;197.22
89.100;203.65
89.200;173.12
89.300;194.60
89.400;197.19
89.500;203.39
89.600;195.80
89.700;202.59
89.800;205.66
89.900;198.43
90.000;193.30
90.100;207.97
90.200;199.96
90.300;199.78
90.400;210.27
90.500;203.30
90.600;205.22
90.700;210.07
90.800;206.74
90.900;198.61
91.000;202.52
91.100;204.18
91.200;203.29
91.300;201.25
91.400;208.21
91.500;205.17
91.600;206.73
91.700;199.46
91.800;202.51
91.900;204.51
92.000;199.60
92.100;203.18
92.200;199.59
92.300;207.58
92.400;198.61
92.500;196.82
92.600;202.60
92.700;197.42
92.800;195.84
92.900;194.49
93.000;193.70
93.100;202.14
93.200;192.42
93.300;197.21
93.400;202.37
93.500;196.39
93.600;195.00
93.700;194.73
93.800;193.76
93.900;198.51
94.000;196.11
94.100;204.73
94.200;195.75
94.300;199.25
94.400;205.63
94.500;195.94
94.600;197.60
94.700;197.59
94.800;196.52
94.900;216.49
95.000;195.53
95.100;199.38
95.200;195.63
95.300;202.52
95.400;207.80
95.500;204.16
95.600;197.82
95.700;202.02
95.800;198.27
95.900;214.29
96.000;193.07
96.100;216.12
96.200;199.62
96.300;199.13
96.400;195.61
96.500;195.43
96.600;199.10
96.700;203.54
96.800;200.61
96.900;198.45
97.000;198.48
97.100;201.22
97.200;201.84
97.300;214.01
97.400;203.11
97.500;205.94
97.600;207.77
97.700;206.18
97.800;201.88
97.900;200.61
98.000;204.73
98.100;201.99
98.200;214.05
98.300;201.43
98.400;182.02
98.500;192.34
98.600;189.31
98.700;194.28
98.800;197.80
98.900;194.09
99.000;191.75
99.100;199.25
99.200;196.75
99.300;176.98
99.400;191.30
99.500;205.89
99.600;197.03
99.700;201.78
99.800;199.98
99.900;193.10
100.000;191.85
100.100;199.95
100.200;195.28
100.300;195.40
100.400;198.70
100.500;193.16
100.600;192.04
100.700;172.14
100.800;132.71
100.900;188.05
101.000;195.53
101.100;204.86
101.200;199.13
101.300;196.38
101.400;190.09
101.500;196.58
101.600;207.73
101.700;198.19
101.800;207.91
101.900;197.20
102.000;204.06
102.100;198.78
102.200;192.99
102.300;193.33
102.400;211.91
102.500;204.67
102.600;205.01
102.700;202.71
102.800;198.67
102.900;201.56
103.000;195.60
103.100;200.51
103.200;197.53
103.300;207.05
103.400;208.11
103.500;199.38
103.600;199.36
103.700;219.93
103.800;204.51
103.900;200.90
104.000;200.04
104.100;201.01
104.200;196.64
104.300;205.58
104.400;205.89
104.500;207.71
104.600;203.85
104.700;198.58
104.800;201.18
104.900;206.81
105.000;209.85
105.100;212.35
105.200;211.72
105.300;205.27
105.400;205.41
105.500;210.09
105.600;200.59
105.700;204.48
105.800;199.90
105.900;201.19
106.000;198.03
106.100;198.26
106.200;202.33
106.300;202.14
106.400;199.37
106.500;199.47
106.600;200.34
106.700;216.43
106.800;209.81
106.900;207.13
107.000;205.86
107.100;203.22
107.200;193.90
107.300;199.14
107.400;192.86
107.500;205.74
107.600;205.86
107.700;204.14
107.800;195.91
107.900;198.16
108.000;191.70
108.100;196.57
108.200;192.33
108.300;198.52
108.400;190.70
108.500;202.72
108.600;203.69
108.700;205.30
108.800;198.85
108.900;193.79
109.000;199.29
109.100;192.84
109.200;195.39
109.300;195.39
109.400;173.08
109.500;192.33
109.600;196.86
109.700;198.26
109.800;194.47
109.900;192.97
110.000;190.55
110.100;190.88
110.200;196.45
110.300;194.03
110.400;193.29
110.500;194.20
110.600;197.74
110.700;197.64
110.800;194.35
110.900;193.35
111.000;195.94
111.100;195.78
111.200;204.27
111.300;207.25
111.400;209.77
111.500;196.49
111.600;192.04
111.700;192.99
111.800;198.67
111.900;194.12
112.000;190.33
112.100;192.96
112.200;201.95
112.300;197.52
112.400;209.88
112.500;193.59
112.600;206.32
112.700;194.93
112.800;207.24
112.900;199.79
113.000;198.21
113.100;201.51
113.200;195.26
113.300;198.17
113.400;208.97
113.500;193.86
113.600;194.58
113.700;197.57
113.800;195.83
113.900;194.97
114.000;193.27
114.100;188.90
114.200;192.61
114.300;186.91
114.400;188.20
114.500;195.55
114.600;196.54
114.700;197.10
114.800;189.00
114.900;189.18
115.000;193.14
115.100;192.63
115.200;191.55
115.300;204.20
115.400;191.97
115.500;190.24
115.600;190.51
115.700;198.51
115.800;189.34
115.900;187.90
116.000;191.97
116.100;187.42
116.200;192.71
